   6.5352453e-03
  -7.8097292e-03
  -5.5053584e-02
  -7.1228479e-02
  -1.0695454e-01
  -1.1916792e-01
  -1.1572130e-01
  -1.1627559e-01
  -9.2163826e-02
  -7.2553204e-02
  -5.3556925e-02
  -4.5584508e-02
  -4.2131395e-02
  -2.8463539e-02
  -1.6618339e-02
   1.7235015e-02
   2.5107910e-02
   2.2380166e-02
   2.5052705e-02
   8.3329043e-03
  -3.7040864e-03
   1.6145404e-02
   2.4595555e-02
   2.2104689e-02
   2.4296636e-02
   2.1348619e-02
   3.8707243e-02
   4.7796217e-02
   4.6401324e-02
   4.4549281e-02
   6.2326455e-02
   6.9439777e-02
   7.5785223e-02
   9.6155812e-02
   1.1438814e-01
   1.4451726e-01
   1.8137557e-01
   1.7356545e-01
   1.7703314e-01
   1.5263344e-01
   1.5296634e-01
   1.6557531e-01
   1.8542522e-01
   1.7935284e-01
   1.6077160e-01
   1.3606780e-01
   9.7991678e-02
   5.6418785e-02
   2.8629428e-02
  -1.3532527e-02
  -3.2967060e-02
  -4.7458219e-02
  -7.4844280e-02
  -1.0830923e-01
  -1.3485938e-01
  -1.6104994e-01
  -1.7867541e-01
  -1.8697835e-01
  -1.6246222e-01
  -1.6475611e-01
  -1.5297944e-01
  -1.4147297e-01
  -1.4945862e-01
  -1.5090103e-01
  -1.7114826e-01
  -1.9512619e-01
  -2.4945171e-01
  -2.2570575e-01
  -3.1025680e-01
  -3.0205858e-01
  -2.9137934e-01
  -2.9811242e-01
  -2.8336607e-01
  -2.4280022e-01
  -2.9609484e-01
  -2.4469134e-01
  -2.4099431e-01
  -2.6414606e-01
  -2.3727668e-01
  -2.4515329e-01
  -2.8972915e-01
  -2.2693605e-01
  -2.3603483e-01
  -2.2268843e-01
  -2.0136813e-01
  -2.2903724e-01
  -2.1657341e-01
  -2.3703175e-01
  -2.0935977e-01
  -1.8958724e-01
  -1.8976653e-01
  -1.6523302e-01
  -1.1391153e-01
  -7.7233205e-02
  -6.0002256e-02
  -1.0264679e-02
   2.1003049e-02
   3.0197857e-02
   5.2515639e-02
   7.0474008e-02
   8.6483998e-02
   8.6999211e-02
   6.8963163e-02
   6.3003879e-02
   4.4092131e-02
   4.7260421e-02
   4.5886111e-02
   4.6874259e-02
   4.5066093e-02
   2.4078743e-02
   2.2909401e-02
   2.1588355e-02
   3.6816600e-02
   6.2767002e-02
   7.6599181e-02
   1.1090968e-01
   1.1569963e-01
   9.5808250e-02
   8.5549934e-02
   6.8083484e-02
   7.1272357e-02
   6.5135379e-02
   2.3196983e-02
  -1.7183011e-02
  -6.2648191e-02
  -9.3732733e-02
  -1.2070472e-01
  -1.5604258e-01
  -1.7714334e-01
  -2.0266738e-01
  -2.3836547e-01
  -2.6383145e-01
  -2.8540514e-01
  -3.1228931e-01
  -3.2444593e-01
  -3.3353490e-01
  -3.3712174e-01
  -3.1444265e-01
  -3.0206576e-01
  -2.8859289e-01
  -2.6041050e-01
  -2.5475013e-01
  -2.5040602e-01
  -2.1963609e-01
  -2.2444796e-01
  -2.3027230e-01
  -2.1766126e-01
  -2.2009008e-01
  -2.2622433e-01
  -2.4822669e-01
  -2.5700732e-01
  -2.7724098e-01
  -3.0128687e-01
  -3.2789837e-01
  -3.7184942e-01
  -4.0440113e-01
  -4.4882840e-01
  -4.9067346e-01
  -5.0785958e-01
  -5.2706783e-01
  -5.3608823e-01
  -5.0411010e-01
  -4.8401085e-01
  -4.6604536e-01
  -4.6286289e-01
  -4.6361416e-01
  -4.6375437e-01
  -4.6263781e-01
  -4.6852611e-01
  -5.0625532e-01
  -5.3130604e-01
  -5.7708194e-01
  -6.1433225e-01
  -6.3987894e-01
  -6.6944697e-01
  -6.9450296e-01
  -7.0354806e-01
  -7.2211048e-01
  -7.1694994e-01
  -7.2737176e-01
  -7.4405296e-01
  -7.4116301e-01
  -7.4264514e-01
  -7.4161312e-01
  -7.7969494e-01
  -8.1891302e-01
  -8.5188558e-01
  -8.6159231e-01
  -8.8078568e-01
  -8.8927177e-01
  -8.8405797e-01
  -8.7184216e-01
  -8.6536251e-01
  -8.8116801e-01
  -8.9828976e-01
  -8.9862681e-01
  -8.8550447e-01
  -9.2279793e-01
  -9.0239613e-01
  -8.5840344e-01
  -8.5250710e-01
  -8.3995720e-01
  -8.1739388e-01
  -7.8862264e-01
  -7.9060071e-01
  -7.7454494e-01
  -7.4903270e-01
  -7.0295788e-01
  -6.7204973e-01
  -6.7419831e-01
  -6.5905684e-01
  -6.3207984e-01
  -5.9791206e-01
  -5.6196152e-01
  -5.3182125e-01
  -5.1267176e-01
  -4.9582995e-01
  -4.7016601e-01
  -4.6124452e-01
  -4.4187234e-01
  -4.4052132e-01
  -4.3901860e-01
  -4.4782924e-01
  -4.6696126e-01
  -4.5307105e-01
  -4.7379625e-01
  -4.8120966e-01
  -4.6110751e-01
  -4.6597151e-01
  -4.8675676e-01
  -5.1000942e-01
  -5.0973347e-01
  -5.1352480e-01
  -4.9263739e-01
  -4.9490799e-01
  -4.9739885e-01
  -4.8448616e-01
  -4.8043932e-01
  -4.8768684e-01
  -4.8569700e-01
  -4.6769627e-01
  -4.4922749e-01
  -4.2744931e-01
  -3.9378584e-01
  -3.3868408e-01
  -2.9557786e-01
  -2.6979956e-01
  -2.3885787e-01
  -1.9967839e-01
  -1.6050059e-01
  -1.6420515e-01
  -1.4393090e-01
  -1.5098733e-01
  -1.7688335e-01
  -2.0673970e-01
  -2.8006539e-01
  -3.4147101e-01
  -3.7915366e-01
  -4.3217916e-01
  -4.3323683e-01
  -4.6437994e-01
  -4.9679863e-01
  -5.1939286e-01
  -5.3486467e-01
  -5.1138645e-01
  -5.1206916e-01
  -4.9731384e-01
  -4.7864127e-01
  -4.5190815e-01
  -4.1605274e-01
  -3.5617695e-01
  -3.0177450e-01
  -2.4658152e-01
  -2.2389767e-01
  -1.9423712e-01
  -1.6323806e-01
  -1.1821671e-01
  -9.3347667e-02
  -6.0785754e-02
  -4.7868390e-02
  -9.0477997e-02
  -1.3942777e-01
  -2.0476933e-01
  -2.9463408e-01
  -3.9373751e-01
  -5.0092651e-01
  -6.1934316e-01
  -7.2961921e-01
  -8.3606683e-01
  -9.0832272e-01
  -9.3198131e-01
  -9.5948000e-01
  -9.7317942e-01
  -9.6636831e-01
  -9.3146338e-01
  -8.5736695e-01
  -8.0500284e-01
  -7.4546747e-01
  -6.4198205e-01
  -5.5657984e-01
  -4.7246228e-01
  -3.9095171e-01
  -3.2742215e-01
  -2.7476352e-01
  -2.2388778e-01
  -1.6359872e-01
  -8.9167963e-02
  -2.8695303e-02
  -4.1135194e-02
  -7.2830970e-02
  -1.3545409e-01
  -2.7397171e-01
  -4.1625387e-01
  -5.3566425e-01
  -6.6668606e-01
  -7.5054768e-01
  -8.8372716e-01
  -9.7947064e-01
  -1.0104893e+00
  -1.0102899e+00
  -9.8315359e-01
  -9.3252347e-01
  -8.8187798e-01
  -8.1163717e-01
  -7.2425331e-01
  -6.2864366e-01
  -4.8667175e-01
  -3.4991014e-01
  -2.3055652e-01
  -1.2116472e-01
  -1.5882852e-02
   1.0095388e-01
   2.2518456e-01
   3.4056867e-01
   4.3545976e-01
   5.1609942e-01
   5.6113313e-01
   5.5455223e-01
   5.4894954e-01
   5.3132127e-01
   4.2152606e-01
   2.9296130e-01
   1.6573402e-01
   2.3731105e-02
  -5.3693613e-02
  -1.3038632e-01
  -2.4098386e-01
  -2.7106446e-01
  -2.7207748e-01
  -2.9225247e-01
  -2.2916737e-01
  -1.8633248e-01
  -1.4225740e-01
  -1.1032517e-01
  -9.6041927e-02
  -6.3819132e-02
  -1.8906436e-03
   7.1217153e-02
   1.3242817e-01
   1.7764866e-01
   2.1490114e-01
   2.5104973e-01
   3.1058960e-01
   4.1857902e-01
   5.0901968e-01
   6.0994420e-01
   7.3782171e-01
   7.7798838e-01
   8.0089444e-01
   8.3533893e-01
   7.7518810e-01
   6.5822277e-01
   5.7627601e-01
   4.6058749e-01
   3.8305314e-01
   3.1470583e-01
   2.0933640e-01
   1.6027552e-01
   1.5715149e-01
   9.1403924e-02
   6.4400459e-02
   4.8895870e-02
   7.7191248e-03
   1.3346799e-02
   8.3084893e-03
   2.4844461e-02
   5.6027659e-02
   7.4309451e-02
   1.1513129e-01
   1.4917471e-01
   1.9031644e-01
   2.5221955e-01
   3.3010117e-01
   4.2666069e-01
   5.4005496e-01
   6.3715330e-01
   7.4742862e-01
   8.1635382e-01
   8.0819874e-01
   8.2078617e-01
   8.1548971e-01
   6.8922779e-01
   5.4866926e-01
   4.0529554e-01
   2.0968356e-01
   6.9304841e-02
  -1.0093074e-01
  -2.8200596e-01
  -3.8433053e-01
  -4.6371560e-01
  -5.3681078e-01
  -6.0330894e-01
  -6.4016016e-01
  -6.3644029e-01
  -6.2504212e-01
  -6.2981937e-01
  -6.1901666e-01
  -5.7329116e-01
  -5.2656333e-01
  -4.7445659e-01
  -4.4363491e-01
  -3.5575234e-01
  -2.5376725e-01
  -1.6499217e-01
  -6.2013047e-02
   6.1808194e-02
   1.3305518e-01
   2.2143043e-01
   2.6188412e-01
   2.2688840e-01
   2.2647854e-01
   1.5464808e-01
  -3.5416918e-02
  -2.1948529e-01
  -3.8109138e-01
  -5.3645272e-01
  -6.5063589e-01
  -7.6997148e-01
  -8.2742005e-01
  -8.3645174e-01
  -8.6555458e-01
  -8.8739391e-01
  -8.6454314e-01
  -8.6033093e-01
  -8.3793260e-01
  -7.7562989e-01
  -7.8473809e-01
  -7.6804829e-01
  -7.2778027e-01
  -6.9083341e-01
  -6.0205790e-01
  -5.5904804e-01
  -4.8047191e-01
  -3.9387372e-01
  -3.1466867e-01
  -2.0710898e-01
  -4.8008201e-02
   7.1899365e-02
   2.2068607e-01
   2.9572480e-01
   2.6670372e-01
   2.6008840e-01
   1.9716084e-01
   2.3590049e-02
  -1.2204760e-01
  -2.8055077e-01
  -4.4582433e-01
  -5.2927289e-01
  -6.1543926e-01
  -6.8180348e-01
  -6.2379687e-01
  -5.8825455e-01
  -5.9178030e-01
  -5.7557062e-01
  -5.8443045e-01
  -5.5755298e-01
  -4.9965475e-01
  -4.9676120e-01
  -4.7778551e-01
  -4.4127211e-01
  -4.3637515e-01
  -4.0032060e-01
  -3.9503446e-01
  -3.2911325e-01
  -2.3423621e-01
  -1.8605672e-01
  -8.1051679e-02
   3.7456963e-02
   1.6379459e-01
   3.2894628e-01
   4.2721396e-01
   4.2939954e-01
   4.9448681e-01
   5.1416436e-01
   3.8658287e-01
   2.9317439e-01
   1.8675069e-01
   4.9537134e-02
   1.0676536e-02
  -6.9272302e-02
  -1.2492472e-01
  -6.7620916e-02
  -2.7723321e-02
   1.3926183e-02
   8.0728509e-02
   1.0071652e-01
   1.4758840e-01
   1.9317417e-01
   1.8713513e-01
   1.9165182e-01
   2.1654232e-01
   2.4118925e-01
   2.7789053e-01
   2.7698051e-01
   3.0656537e-01
   3.8975761e-01
   4.6783223e-01
   5.7751529e-01
   7.2570808e-01
   8.6611524e-01
   1.0435059e+00
   1.1501489e+00
   1.1490079e+00
   1.2217642e+00
   1.2293180e+00
   1.0580603e+00
   9.1478447e-01
   7.4483536e-01
   5.3187640e-01
   4.1152677e-01
   2.7209081e-01
   1.7629660e-01
   2.0357436e-01
   1.9067342e-01
   1.9124605e-01
   2.3447850e-01
   2.2947348e-01
   2.4838522e-01
   2.5640152e-01
   2.3160706e-01
   2.4297163e-01
   2.1400917e-01
   2.2343063e-01
   2.2612646e-01
   1.7892065e-01
   2.0814464e-01
   2.6861235e-01
   3.2510030e-01
   4.4029610e-01
   5.7775778e-01
   7.0531242e-01
   8.7211876e-01
   1.0601933e+00
   1.1313718e+00
   1.1839908e+00
   1.2623312e+00
   1.1599640e+00
   9.7361226e-01
   8.1658253e-01
   6.1045735e-01
   4.3997901e-01
   2.9278779e-01
   1.0907766e-01
   3.4168298e-02
  -2.3826738e-02
  -5.4826499e-02
  -3.9655987e-02
  -4.6074977e-02
  -1.3940912e-02
   7.3898813e-02
   1.1584590e-01
   1.5377519e-01
   2.1706182e-01
   2.6861505e-01
   3.3216142e-01
   3.6338746e-01
   3.9477253e-01
   4.8431025e-01
   5.3522259e-01
   5.9862309e-01
   6.9028739e-01
   7.6270142e-01
   9.0116146e-01
   1.0724695e+00
   1.1141191e+00
   1.1158594e+00
   1.1552432e+00
   1.0445391e+00
   8.5191201e-01
   6.7899226e-01
   4.5197798e-01
   2.8534632e-01
   1.6578319e-01
  -3.8690086e-02
  -1.2312326e-01
  -1.2748667e-01
  -1.7926115e-01
  -1.6568571e-01
  -1.6449308e-01
  -1.7047294e-01
  -1.2301469e-01
  -1.1559592e-01
  -1.1033815e-01
  -8.5769661e-02
  -9.0072098e-02
  -7.6911496e-02
  -7.6722955e-02
  -1.1875931e-01
  -5.1751041e-02
   2.2341550e-02
   5.6838225e-02
   1.5980912e-01
   3.0082751e-01
   4.4720494e-01
   6.6181604e-01
   7.8208169e-01
   8.1382302e-01
   9.2390923e-01
   9.2482338e-01
   7.5084931e-01
   6.1916480e-01
   4.4813343e-01
   2.8870325e-01
   1.8863816e-01
   3.2848373e-02
  -9.8643048e-02
  -9.7363778e-02
  -1.2020412e-01
  -9.4309364e-02
  -6.1387062e-02
  -7.5139132e-02
  -4.7618482e-03
   3.3158974e-02
   5.3648496e-02
   7.2829160e-02
   5.8603814e-02
   1.0665797e-01
   1.6642598e-01
   1.7178800e-01
   2.3095386e-01
   3.4572596e-01
   4.1305144e-01
   5.3140078e-01
   6.8192331e-01
   8.3534420e-01
   1.0889740e+00
   1.2501445e+00
   1.2692580e+00
   1.3768435e+00
   1.3938042e+00
   1.2242478e+00
   1.0265784e+00
   7.9698541e-01
   5.5044098e-01
   3.9111550e-01
   1.8556284e-01
  -5.3896878e-03
  -3.4441861e-02
  -6.1566534e-02
  -8.2747903e-02
  -6.8976867e-02
  -3.9862059e-02
   3.0743553e-02
   6.9092605e-02
   1.2122457e-02
   1.8302493e-02
   7.7645782e-02
   4.4482621e-02
   6.5389244e-03
  -1.8000330e-02
  -1.1986121e-02
   6.5965545e-02
   1.3101733e-01
   1.7640123e-01
   3.1835780e-01
   5.3588212e-01
   7.4538849e-01
   9.7765099e-01
   1.1707981e+00
   1.2374125e+00
   1.3370954e+00
   1.3809065e+00
   1.2244364e+00
   9.8000782e-01
   7.7602680e-01
   5.6274026e-01
   3.7071201e-01
   1.8432241e-01
  -1.6216139e-02
  -9.0606470e-02
  -7.2084391e-02
  -8.6648441e-02
  -9.6246416e-02
  -8.3326340e-02
  -8.8053032e-02
  -4.7392673e-02
  -1.1552340e-02
  -1.2619831e-02
  -1.5972373e-03
  -3.0895222e-02
  -3.3267885e-02
  -5.8979026e-02
  -9.9068743e-02
  -7.3392520e-02
  -2.5321798e-02
   4.8492875e-02
   1.5862829e-01
   3.2217245e-01
   5.1202640e-01
   7.1201950e-01
   8.2577631e-01
   8.3037114e-01
   9.0834013e-01
   8.3513878e-01
   5.8880951e-01
   3.6654916e-01
   1.4746191e-01
  -6.9876409e-02
  -2.0785976e-01
  -4.0417783e-01
  -5.8095910e-01
  -5.5677985e-01
  -5.4071115e-01
  -5.6014241e-01
  -5.6175387e-01
  -5.8503420e-01
  -5.5796133e-01
  -5.4715490e-01
  -5.8418779e-01
  -5.9211362e-01
  -6.3423752e-01
  -6.4177115e-01
  -6.5663328e-01
  -7.2558809e-01
  -7.1913433e-01
  -6.5097725e-01
  -5.6349575e-01
  -4.4700611e-01
  -2.8787882e-01
  -5.3768478e-02
   2.1704295e-01
   4.2294789e-01
   4.6949394e-01
   5.7378589e-01
   6.3581158e-01
   4.6026782e-01
   2.0907761e-01
  -1.3680057e-02
  -2.5035066e-01
  -4.4138839e-01
  -6.3088933e-01
  -8.4725322e-01
  -1.0481536e+00
  -1.0608569e+00
  -9.7174472e-01
  -9.5647779e-01
  -9.3167747e-01
  -8.1539325e-01
  -6.6359768e-01
  -4.9232180e-01
  -4.8960444e-01
  -5.0794150e-01
  -4.2719247e-01
  -3.6370782e-01
  -3.9161611e-01
  -4.1789100e-01
  -3.2498245e-01
  -1.8702852e-01
  -3.5875829e-02
   2.6208177e-01
   6.4675798e-01
   1.0661711e+00
   8.9582625e-01
   3.9490213e-01
   2.9917772e-01
   2.0527046e-01
  -4.3387264e-01
  -1.0262625e+00
  -1.2311141e+00
  -1.0425500e+00
  -9.8326498e-01
  -1.1484956e+00
  -9.7910670e-01
  -4.9158024e-01
  -1.8258687e-01
  -2.4748101e-01
  -3.7988792e-01
  -1.8718312e-01
  -2.3567324e-01
  -7.4715827e-01
  -9.6885042e-01
  -9.1180476e-01
  -8.9407045e-01
  -1.0397447e+00
  -1.2505381e+00
  -9.7713731e-01
  -6.8147745e-01
  -5.3861008e-01
  -3.7090815e-01
  -6.6488442e-02
   4.5325150e-01
   8.8495742e-01
   1.1058837e+00
   1.3569109e+00
   5.4790076e-01
  -4.2544450e-01
  -5.0688722e-01
  -9.5465451e-01
  -1.7635328e+00
  -1.8743375e+00
  -1.4888250e+00
  -1.0300892e+00
  -1.1899046e+00
  -1.1246186e+00
  -4.8133978e-01
  -2.6573363e-01
  -4.1049197e-01
  -4.0905536e-01
  -1.8210185e-01
   3.3186415e-02
  -5.6618652e-01
  -8.1144049e-01
  -3.8433766e-01
  -5.2614035e-01
  -1.1037052e+00
  -1.2712057e+00
  -1.0068227e+00
  -8.6095417e-01
  -9.6837468e-01
  -4.6889811e-01
   1.9099172e-01
   4.3253967e-01
   8.4741785e-01
   1.3676481e+00
   1.8296154e+00
   1.0522296e+00
  -5.0569129e-01
  -5.0284738e-01
  -4.6554807e-01
  -1.6158150e+00
  -1.9253566e+00
  -1.1579039e+00
  -4.0815632e-01
  -6.9592054e-01
  -8.8444005e-01
  -1.2083891e-01
   7.2698350e-02
  -4.6554577e-01
  -5.3992464e-01
  -1.0690793e-01
   8.2731154e-02
  -5.7702409e-01
  -6.6431577e-01
  -1.9705771e-01
  -4.8280578e-01
  -1.0946075e+00
  -1.1944067e+00
  -8.8393837e-01
  -8.9131137e-01
  -1.0072089e+00
  -1.7058361e-01
   5.6673977e-01
   6.7825068e-01
   1.0626319e+00
   1.7036149e+00
   2.1523816e+00
   1.0305587e+00
  -6.7885130e-01
  -2.8605396e-01
  -1.7697406e-01
  -1.4652483e+00
  -1.3702941e+00
  -1.1960525e-01
   4.5964745e-01
  -1.7881853e-01
  -1.2789149e-01
   7.6229367e-01
   4.1298898e-01
  -2.7740616e-01
   1.3425852e-01
   7.5624731e-01
   7.0873305e-01
   1.7204403e-01
   3.0978615e-01
   4.7828464e-01
  -1.9686821e-01
  -6.4568376e-01
  -4.6446567e-01
  -2.9024423e-01
  -3.0075199e-01
  -1.3074194e-02
   9.3661743e-01
   1.3659242e+00
   1.3401881e+00
   1.9199633e+00
   2.5044081e+00
   2.5984893e+00
   1.8799607e+00
   1.4465989e-01
   7.6293498e-02
   2.5107668e-01
  -1.0612110e+00
  -1.0058272e+00
   1.5932716e-01
   3.2722717e-01
  -1.8552118e-01
  -6.8541222e-02
   5.2419256e-01
   1.4963220e-02
  -4.1741704e-01
   2.5252407e-01
   5.7860240e-01
   3.6920829e-01
   3.5167800e-01
   2.8249385e-01
  -2.2844980e-01
  -5.5886274e-01
  -6.8506786e-01
  -9.7692650e-01
  -9.1514549e-01
  -5.7103161e-01
  -2.1888616e-01
   2.3284333e-01
   6.4025324e-01
   8.9063562e-01
   1.1828294e+00
   1.4878797e+00
   1.7626366e+00
   1.1646354e+00
  -8.0393657e-01
  -8.5495747e-01
  -3.5378567e-01
  -1.7810765e+00
  -1.7202064e+00
  -3.8568804e-01
  -2.9377596e-01
  -9.3018401e-01
  -7.7489305e-01
  -1.7417885e-01
  -7.7267297e-01
  -1.1572919e+00
  -3.5879520e-01
  -1.5286215e-01
  -4.7015448e-01
  -4.9114643e-01
  -5.9256998e-01
  -1.0936870e+00
  -1.4946075e+00
  -1.6157372e+00
  -1.8198432e+00
  -1.8064568e+00
  -1.4347032e+00
  -1.1025539e+00
  -6.4577410e-01
  -1.9286320e-01
   1.4063883e-02
   3.0649705e-01
   7.4216442e-01
   1.0801187e+00
   7.0081284e-01
  -1.2536460e+00
  -1.4031377e+00
  -7.4628262e-01
  -2.1640212e+00
  -2.1993893e+00
  -7.6373123e-01
  -7.4497272e-01
  -1.4022874e+00
  -1.2071980e+00
  -6.6668066e-01
  -1.3750491e+00
  -1.6934470e+00
  -8.0363166e-01
  -6.0773455e-01
  -9.0658928e-01
  -6.7793077e-01
  -7.2547454e-01
  -1.6202407e+00
  -1.8967536e+00
  -1.6613686e+00
  -2.1081230e+00
  -2.0875597e+00
  -1.4887781e+00
  -1.1678304e+00
  -8.9893004e-01
  -3.4638922e-01
   1.1542979e-02
   1.2536161e-01
   5.9118572e-01
   1.1280180e+00
   8.3119065e-01
  -1.1029509e+00
  -1.4045771e+00
  -5.1301863e-01
  -1.8710449e+00
  -2.1536604e+00
  -5.2602875e-01
  -4.3353044e-01
  -1.1214214e+00
  -9.2728400e-01
  -3.5220089e-01
  -9.5950112e-01
  -1.2567409e+00
  -2.9534972e-01
   9.0663592e-03
  -2.6974832e-01
   1.5656224e-01
   1.9615846e-01
  -8.5956094e-01
  -1.0645052e+00
  -6.2575229e-01
  -1.2624110e+00
  -1.3414010e+00
  -5.6022654e-01
  -2.8928672e-01
  -2.3923687e-01
   3.4790773e-01
   7.8876466e-01
   8.0955597e-01
   1.1520415e+00
   1.8784770e+00
   1.7484696e+00
  -4.4836425e-01
  -7.3472571e-01
   4.3399572e-01
  -1.0807037e+00
  -1.4700625e+00
   2.8244229e-01
   3.8189653e-01
  -4.4813743e-01
  -2.7628295e-01
   3.8025969e-01
  -3.2880910e-01
  -7.3921396e-01
   2.7723742e-01
   5.0881405e-01
   2.0224046e-01
   5.2117640e-01
   5.0603623e-01
  -2.9318013e-01
  -7.9585009e-01
  -4.6717760e-01
  -8.1358522e-01
  -1.1061759e+00
  -3.3074964e-01
  -2.6586967e-02
   5.4986588e-03
   6.1872059e-01
   9.7916979e-01
   1.0308699e+00
   1.4665590e+00
   2.1897910e+00
   2.0119149e+00
  -1.2526230e-01
  -3.5625586e-01
   6.0743941e-01
  -8.7044141e-01
  -1.1424169e+00
   5.3540346e-01
   4.6431940e-01
  -3.8168995e-01
  -1.4788884e-01
   2.7658949e-01
  -5.2561256e-01
  -7.2951217e-01
   2.7751651e-01
   5.2936831e-01
   2.7887882e-01
   7.3862203e-01
   9.2878083e-01
  -3.2938867e-01
  -6.9462332e-01
  -7.8184769e-02
  -7.7481539e-01
  -8.9727358e-01
   2.7774034e-02
   2.3034104e-01
   2.0861372e-01
   7.3893990e-01
   1.1933582e+00
   9.3968910e-01
   1.3445398e+00
   2.1895827e+00
   2.2687115e+00
   4.2989045e-01
  -6.2604742e-01
   5.9740612e-01
  -5.1275056e-01
  -1.6897362e+00
   1.2908016e-01
   4.9370696e-01
  -4.3334380e-01
  -4.2473419e-01
   1.3768846e-01
  -4.2653677e-01
  -1.0528841e+00
  -1.7322559e-01
   3.8794510e-01
  -5.3519323e-02
   2.7457290e-01
   5.8367902e-01
  -4.5940680e-01
  -1.0215461e+00
  -5.4385307e-01
  -9.9583084e-01
  -1.1730582e+00
  -4.8723239e-01
  -2.3073425e-01
  -2.1391757e-01
   1.8909582e-01
   5.8800001e-01
   4.6620260e-01
   8.3353591e-01
   1.6951901e+00
   1.9329838e+00
   3.1786269e-01
  -1.1918391e+00
  -6.3193633e-02
  -6.3920160e-01
  -2.1165384e+00
  -4.2988967e-01
   3.8026173e-01
  -4.4058294e-01
  -5.5379348e-01
   2.5337254e-02
  -3.3997939e-01
  -1.0953247e+00
  -4.0587995e-01
   3.2922126e-01
  -3.1469177e-02
   1.0940727e-01
   5.5776711e-01
  -1.6133341e-01
  -1.4097139e+00
  -9.5257569e-01
  -7.3718041e-01
  -1.4351459e+00
  -9.0178876e-01
  -1.2796684e-01
  -2.7391333e-01
  -1.3403666e-01
   4.4969054e-01
   5.4516193e-01
   4.8182947e-01
   1.2607589e+00
   2.0147602e+00
   7.4830144e-01
  -1.5047981e+00
  -5.6094712e-01
  -2.0206075e-01
  -2.1911378e+00
  -1.1325244e+00
   4.9739522e-01
  -2.7750519e-01
  -8.7028670e-01
  -3.2306565e-01
  -2.2624305e-01
  -1.0931165e+00
  -8.6012519e-01
   2.1196584e-01
   2.1343104e-02
  -2.3860713e-01
   3.5546688e-01
   4.1533417e-03
  -1.2862841e+00
  -1.2179652e+00
  -9.0366192e-01
  -1.3879271e+00
  -1.1485653e+00
  -4.9168382e-01
  -3.8305054e-01
  -3.4614879e-01
   4.7939402e-02
   2.4227619e-01
   1.8247192e-01
   8.6320869e-01
   1.8375716e+00
   1.3686986e+00
  -1.1776362e+00
  -1.0236894e+00
   2.0139656e-01
  -1.7438976e+00
  -1.6305285e+00
   6.0751706e-01
   3.4351728e-01
  -5.1929798e-01
  -1.6756126e-01
   2.7443894e-01
  -5.5493790e-01
  -8.1754202e-01
   3.6531738e-01
   5.9186211e-01
   6.9795225e-02
   5.1060581e-01
   6.2364680e-01
  -5.6300466e-01
  -9.4461527e-01
  -5.3244582e-01
  -8.2424279e-01
  -7.8945752e-01
  -2.6424141e-01
  -1.8186684e-03
   1.3968835e-01
   4.9772600e-01
   8.2792324e-01
   7.3772625e-01
   1.2317013e+00
   2.2577446e+00
   2.4109495e+00
   9.6239673e-02
  -9.1904445e-01
   6.8278189e-01
  -4.1119281e-01
  -1.4838629e+00
   6.7239492e-01
   1.2781601e+00
   2.4868448e-01
   1.3675296e-01
   7.6696466e-01
   3.3460610e-01
  -3.8132273e-01
   4.9380976e-01
   1.3247813e+00
   7.7373675e-01
   8.0937293e-01
   1.2611847e+00
   5.9520765e-01
  -4.3778942e-01
  -2.1504458e-01
   1.6062548e-01
  -3.0482066e-02
   1.3822279e-01
   7.1236340e-01
   8.7821446e-01
   1.0371018e+00
   1.3936780e+00
   1.5174061e+00
   1.8220801e+00
   2.5951178e+00
   3.0930539e+00
   1.8336154e+00
  -4.2150937e-01
   6.0767541e-01
   9.2304889e-01
  -9.4006116e-01
   2.8827966e-01
   1.8727770e+00
   1.1634602e+00
   4.5012375e-01
   7.4621836e-01
   9.6211886e-01
   2.5255100e-01
   3.5417753e-01
   1.6065337e+00
   1.6504998e+00
   1.1660014e+00
   1.5853064e+00
   1.3791006e+00
   3.5758896e-01
   3.0402633e-01
   4.8833479e-01
   4.2843259e-01
   6.9357045e-01
   8.4498027e-01
   1.0638610e+00
   1.3651709e+00
   1.5287058e+00
   1.6658069e+00
   1.7441006e+00
   2.4288439e+00
   3.0279905e+00
   2.6980020e+00
   3.9763568e-01
  -1.1323684e-01
   1.3073029e+00
   9.7254544e-02
  -3.6145137e-01
   1.6618669e+00
   1.8938884e+00
   9.5475780e-01
   6.6276189e-01
   1.0863677e+00
   8.5129512e-01
   1.9579526e-01
   9.3188695e-01
   1.7309020e+00
   1.1776464e+00
   1.0482949e+00
   1.2135208e+00
   7.8599717e-01
  -6.2140753e-02
  -5.0280160e-01
   2.4102921e-02
   3.8393823e-01
  -3.0525032e-02
   1.7114279e-01
   8.6630943e-01
   9.3720451e-01
   7.2180743e-01
   9.6023024e-01
   1.5507098e+00
   1.9818813e+00
   2.3373516e+00
   1.8148961e+00
  -5.7017226e-01
  -5.7581977e-01
   7.0355780e-01
  -5.2080940e-01
  -3.8803477e-01
   1.2471450e+00
   1.1213649e+00
   2.1066494e-01
  -2.9835130e-01
   1.4885933e-01
   6.3792229e-02
  -5.3029837e-01
   3.3852786e-01
   1.0531587e+00
   4.6544787e-01
   2.5044351e-01
   3.0101276e-01
  -8.3687951e-03
  -7.6270778e-01
  -1.0128546e+00
  -3.0982613e-01
  -1.3716190e-01
  -7.1283705e-01
  -3.0866671e-01
   4.2683492e-01
   3.3056918e-01
   1.3641996e-01
   4.5407142e-01
   1.0661002e+00
   1.3435103e+00
   1.7312802e+00
   1.0412916e+00
  -1.4445773e+00
  -1.0610431e+00
   2.6258192e-01
  -9.3132539e-01
  -5.6289130e-01
   8.1550787e-01
   6.0739024e-01
  -2.5523161e-01
  -7.9951870e-01
  -2.4883958e-01
  -1.9566845e-01
  -6.6834979e-01
   1.5130346e-01
   7.7835119e-01
   2.4990662e-01
   3.7215673e-02
   5.4671268e-02
  -6.1522714e-02
  -6.7002448e-01
  -1.0865142e+00
  -3.6700676e-01
  -1.7224856e-01
  -8.4458404e-01
  -4.2533168e-01
   3.3022861e-01
   3.0989762e-01
   1.6003332e-01
   4.0910491e-01
   9.5491275e-01
   1.1955152e+00
   1.5093225e+00
   1.5755770e+00
  -8.1060619e-01
  -1.5090354e+00
   4.4679354e-01
  -2.3225835e-02
  -6.9939201e-01
   5.5812404e-01
   1.0870112e+00
   5.0556001e-01
  -6.0939386e-01
  -3.6490842e-01
   5.2518719e-01
   3.7095677e-02
   9.6365128e-04
   9.5050329e-01
   9.6222595e-01
   5.0020909e-01
   2.2239871e-01
   3.7540118e-01
   3.4210753e-01
  -7.2999669e-01
  -7.3106249e-01
   3.0838414e-01
  -1.3825658e-01
  -4.6530432e-01
   5.1018070e-01
   9.2124294e-01
   5.6035678e-01
   3.1550355e-01
   8.7193426e-01
   1.5966289e+00
   1.5451493e+00
   2.0175439e+00
   7.8008509e-01
  -1.4691647e+00
  -1.6525596e-01
   7.7293516e-01
  -5.8531274e-01
  -8.7478816e-02
   1.0181149e+00
   9.5388142e-01
  -1.4609220e-01
  -8.7358883e-01
   2.4832569e-01
   5.0234520e-01
  -2.7130502e-01
   4.0676915e-01
   1.1712461e+00
   8.5043675e-01
   3.9300716e-01
   2.6293826e-01
   5.1581308e-01
  -5.3862546e-02
  -9.2538485e-01
  -4.0655424e-01
  -1.1078717e-01
  -5.5341558e-01
  -9.9572865e-02
   3.9867616e-01
   3.6798591e-01
   1.7475428e-01
   1.2999623e-01
   6.4942986e-01
   1.0201318e+00
   1.3882047e+00
   2.0454959e+00
   2.6240144e-02
  -1.8394874e+00
  -1.0641520e-01
   3.5907501e-01
  -8.3158101e-01
  -1.6735132e-01
   7.4601964e-01
   6.4057338e-01
  -6.1536896e-01
  -1.2719802e+00
  -2.3271032e-01
   6.0655891e-02
  -4.3462080e-01
   3.4372409e-02
   7.0594087e-01
   6.8162009e-01
  -7.2104284e-03
  -4.5078199e-01
  -1.4768738e-01
  -5.1351813e-01
  -1.4278388e+00
  -1.1336914e+00
  -6.2046049e-01
  -7.3374431e-01
  -6.7098314e-01
  -5.5091476e-01
  -4.3908540e-01
  -3.4055734e-01
  -4.5570668e-01
  -1.0562200e-02
   5.9101274e-01
   9.7802709e-01
   1.8556978e+00
   5.0413055e-01
  -2.2515984e+00
  -1.3427586e+00
   4.4757381e-01
  -4.3434779e-01
  -8.4506414e-01
   1.8542178e-01
   6.8932009e-01
  -4.5088451e-01
  -1.9307917e+00
  -1.1893543e+00
   5.1452325e-02
  -3.6124373e-01
  -5.5817490e-01
   2.3184784e-01
   4.0741911e-01
  -2.5142200e-01
  -8.9420888e-01
  -9.0620071e-01
  -6.0163603e-01
  -9.0313257e-01
  -1.3969543e+00
  -1.1596630e+00
  -7.3028374e-01
  -7.4233208e-01
  -8.4779993e-01
  -7.5238110e-01
  -3.9234792e-01
  -3.2412686e-02
  -8.5727327e-02
  -5.0449360e-02
   6.0732010e-01
   1.5663850e+00
   1.5223837e+00
  -1.1980244e+00
  -2.6075052e+00
  -4.2456041e-01
   3.4890763e-01
  -8.7296538e-01
  -5.7804280e-01
   1.7950426e-01
   1.2951937e-03
  -1.0530495e+00
  -1.8858380e+00
  -7.7488571e-01
   3.7710543e-01
  -1.8609985e-01
  -5.3165996e-01
  -5.3525872e-02
   1.7645771e-02
  -4.9356307e-01
  -1.2184304e+00
  -1.0853443e+00
  -4.7132597e-01
  -7.6833304e-01
  -1.4339342e+00
  -1.5811995e+00
  -1.1932260e+00
  -7.0986042e-01
  -7.5161284e-01
  -8.8097879e-01
  -3.4077287e-01
   5.9785667e-02
  -2.9621150e-01
  -5.2850723e-01
   9.3189221e-02
   1.2208741e+00
   1.5611951e+00
  -8.3961802e-01
  -2.7915919e+00
  -1.1570730e+00
   2.6266843e-01
  -7.7094734e-01
  -1.2311317e+00
  -7.3208656e-01
  -3.2290094e-01
  -6.8152772e-01
  -1.6773039e+00
  -1.3586208e+00
  -2.4704060e-01
  -1.4695493e-01
  -5.5958951e-01
  -6.8314330e-01
  -4.1857001e-01
  -1.4619392e-01
  -7.9130416e-01
  -1.4279442e+00
  -9.2159344e-01
  -7.3228639e-01
  -1.2165051e+00
  -1.5092414e+00
  -1.4399466e+00
  -1.0540327e+00
  -8.1904563e-01
  -9.1720284e-01
  -7.7402145e-01
  -6.1014732e-01
  -6.0405046e-01
  -4.9114869e-01
  -3.8121902e-01
   1.7358578e-01
   1.2891223e+00
   1.4166401e+00
  -1.0291072e+00
  -2.7549416e+00
  -1.2564740e+00
   2.1647731e-01
  -4.0967585e-01
  -1.0855557e+00
  -7.3740643e-01
  -3.6360662e-02
  -2.1686308e-01
  -1.4168489e+00
  -1.7246507e+00
  -8.8728280e-01
  -2.7761097e-01
  -4.2929157e-01
  -7.1540982e-01
  -6.5535759e-01
  -5.8351078e-01
  -9.8087385e-01
  -1.3398335e+00
  -1.1767665e+00
  -9.0481441e-01
  -7.0923702e-01
  -9.0915808e-01
  -1.4560178e+00
  -1.5902166e+00
  -1.1548317e+00
  -7.6023969e-01
  -8.4351484e-01
  -1.0766726e+00
  -8.3317583e-01
  -3.0635125e-01
  -2.2633578e-01
  -2.3951745e-01
   2.2370697e-01
   9.5889757e-01
   1.1194760e+00
  -6.3316787e-01
  -2.2316549e+00
  -1.2493253e+00
   9.9293460e-02
  -4.5716211e-02
  -5.1529050e-01
  -5.4909083e-01
  -1.4842814e-01
  -1.6009453e-01
  -1.1203915e+00
  -1.5775396e+00
  -8.2292690e-01
   9.3207007e-02
   3.4693765e-01
   3.9999355e-04
  -4.7944930e-01
  -5.0118403e-01
  -1.7376989e-01
  -2.3632715e-01
  -5.8050420e-01
  -5.8715682e-01
  -3.8098663e-01
  -5.4025906e-01
  -8.8572468e-01
  -9.3363521e-01
  -7.8712945e-01
  -6.8464423e-01
  -5.7582729e-01
  -3.8223690e-01
  -2.4758498e-01
  -1.0875717e-01
   1.3275683e-01
   4.3101293e-01
   7.6820933e-01
   1.0177358e+00
   1.4485714e+00
   1.4844392e+00
  -2.3565382e-01
  -1.6550577e+00
  -7.0196497e-01
   4.4751126e-01
   3.4259003e-01
  -8.2363823e-02
  -3.4543887e-01
  -6.6106212e-02
   2.0831563e-01
  -3.2292155e-01
  -5.9826534e-01
   7.4221986e-02
   8.6609523e-01
   1.1054607e+00
   5.6981225e-01
  -1.4451907e-01
  -6.7570083e-02
   2.7770020e-01
   1.3150742e-01
  -6.7619893e-02
  -6.5830381e-02
  -1.3509212e-02
  -4.4637824e-02
  -1.6841266e-01
  -4.3293770e-02
   2.5069270e-01
   2.2316673e-01
  -1.8393279e-01
  -5.1208803e-01
  -2.7026297e-01
   4.6609759e-01
   8.1076080e-01
   5.9839423e-01
   4.2288105e-01
   4.2868994e-01
   4.6034462e-01
   5.5759898e-01
   7.7232886e-01
   1.2764661e+00
   6.5917829e-01
  -1.0731385e+00
  -1.3185309e+00
  -1.5732869e-01
   6.1828563e-01
   8.1920246e-01
   4.7749592e-01
   1.6863430e-01
   4.6978890e-01
   3.5242928e-01
  -2.9077968e-01
  -5.3604828e-01
  -2.3831673e-01
   3.4647870e-01
   7.0658739e-01
   2.9983631e-01
  -2.8912740e-01
  -1.8753238e-01
   5.1993507e-02
  -5.2453593e-02
  -2.8363818e-01
  -3.0113930e-01
   8.6519099e-02
   3.5385061e-01
   1.5441808e-01
  -1.0194118e-01
  -1.5649101e-01
  -1.0609445e-01
  -9.7524785e-02
  -1.9528041e-01
  -2.1510296e-01
  -1.3554778e-01
  -2.2181146e-01
  -4.3776217e-01
  -6.5255304e-01
  -8.5180737e-01
  -7.0006260e-01
  -2.6443778e-01
  -6.1684184e-02
  -1.5357089e-01
  -3.6413774e-01
  -5.4331261e-01
  -4.8473895e-01
  -2.7685052e-01
  -4.9333381e-02
   2.1670110e-01
   4.4228269e-01
   5.5613629e-01
   4.4695835e-01
  -2.9397101e-02
  -6.2394905e-01
  -8.6075691e-01
  -5.1035736e-01
   4.5005287e-02
   2.2690330e-01
   1.0680207e-01
  -1.1965042e-02
  -1.0460994e-01
  -2.1240603e-01
  -3.5219416e-01
  -4.4515243e-01
  -3.9446162e-01
  -2.0192590e-01
  -7.3400432e-02
  -1.7812598e-01
  -3.8999542e-01
  -4.6357873e-01
  -3.3745794e-01
  -3.0957654e-01
  -3.5646079e-01
  -3.1899934e-01
  -1.8425212e-01
   1.8552731e-02
   1.8114011e-01
   1.6409510e-01
   9.1225310e-02
   1.7044845e-01
   3.7034134e-01
   4.4934996e-01
   4.2638974e-01
   3.3030873e-01
  -2.1958994e-01
  -7.1699954e-01
  -5.8325165e-01
  -1.6878930e-01
   1.2090691e-01
   1.5622255e-01
  -7.9228622e-02
  -1.5375302e-01
   1.6504007e-02
   2.0773224e-02
  -8.0979165e-02
  -6.8045486e-02
   9.9495639e-02
   3.5939897e-01
   4.6188247e-01
   2.6257654e-01
  -2.4219595e-02
  -1.0021782e-01
   1.1225786e-01
   2.3659295e-01
   4.8516895e-02
  -1.8575880e-01
  -1.5630637e-01
   9.2642037e-02
   3.2113620e-01
   3.1483215e-01
   9.9202940e-02
  -5.1056675e-02
  -1.4967642e-02
   8.9689582e-02
   1.3555471e-01
   1.1222014e-01
   8.0847623e-02
   1.1205997e-01
   1.6114156e-01
   1.5339543e-01
   1.3949809e-01
   1.2281275e-01
   1.0482970e-01
   1.6830348e-01
   2.2951585e-01
   1.9198130e-01
   1.2012589e-01
   1.8384202e-01
   2.3406880e-01
  -7.1139353e-02
  -3.4033585e-01
  -1.5383217e-01
   1.9984207e-01
   4.4319978e-01
   4.8949970e-01
   2.9563153e-01
   2.1897929e-01
   3.2272162e-01
   3.8595084e-01
   4.6495529e-01
   5.3595283e-01
   5.5653372e-01
   6.1459271e-01
   3.1725490e-01
  -2.5594607e-01
  -4.5080229e-01
  -1.7913745e-01
   2.2724804e-01
   4.7185023e-01
   3.5275494e-01
   1.7419649e-01
   1.7021640e-01
   2.2236705e-01
   2.0201791e-01
   1.4325857e-01
   1.4489142e-01
   2.4491801e-01
   3.7319632e-01
   4.2592852e-01
   3.3953069e-01
   1.5846534e-01
  -1.9234612e-02
  -1.1712490e-01
  -1.4130691e-01
  -1.7788139e-01
  -2.0654997e-01
  -1.8928340e-01
  -6.9289169e-02
   2.4994760e-02
  -1.8439160e-02
  -1.7538099e-01
  -2.6892090e-01
  -1.1618072e-01
   9.5328958e-02
   1.8597898e-01
   1.2836475e-01
   3.7705117e-02
  -1.8914171e-02
   9.7491625e-03
   9.8688659e-02
   6.1283305e-02
  -3.2718475e-02
   1.3363755e-02
   4.5320251e-02
   5.7336579e-03
   5.3027013e-02
   1.4494178e-01
   1.8513572e-01
   2.0143888e-01
   2.1181316e-01
   1.9515428e-01
   1.7226210e-01
   1.8341700e-01
   2.5469958e-01
   3.0701591e-01
   3.7563761e-01
   3.4704148e-01
   2.2726973e-01
   1.1941313e-01
   1.1900513e-01
   1.6208896e-01
   2.3177393e-01
   2.6687249e-01
   2.4006606e-01
   1.7360739e-01
   1.1395761e-01
   1.0034328e-01
   1.6039272e-01
   1.0625234e-01
  -1.1595605e-01
  -1.8646877e-01
   1.9388564e-02
   2.8273191e-01
   4.0393963e-01
   4.3771585e-01
   3.7841345e-01
   2.9557744e-01
   3.3039703e-01
   4.5715466e-01
   6.0635268e-01
   6.8340015e-01
   6.4302823e-01
   6.0561625e-01
   6.3427742e-01
   6.4976301e-01
   5.1459211e-01
   2.3413994e-01
   6.0724475e-02
   1.1726410e-01
   3.0836481e-01
   4.6015726e-01
   5.0602869e-01
   5.3267884e-01
   5.1516376e-01
   4.1724330e-01
   3.5539411e-01
   3.0288260e-01
   2.4948560e-01
   1.8961902e-01
   2.2916584e-01
   3.9541679e-01
   5.1883643e-01
   5.0571479e-01
   4.4892697e-01
   4.3843210e-01
   4.5311721e-01
   5.0807811e-01
   5.6712571e-01
   6.4601478e-01
   7.4431310e-01
   8.4730433e-01
   7.9173220e-01
   5.8237041e-01
   4.1119346e-01
   3.9893686e-01
   4.7827775e-01
   5.4625390e-01
   5.3908570e-01
   5.2177333e-01
   5.2005056e-01
   4.3170079e-01
   3.5151374e-01
   3.4473379e-01
   3.5266955e-01
   3.7881247e-01
   4.6220508e-01
   5.2989224e-01
   5.6543847e-01
   5.8611260e-01
   5.6160145e-01
   4.4178127e-01
   3.2073848e-01
   2.6969206e-01
   2.3859213e-01
   2.2033666e-01
   2.2184702e-01
   2.7097098e-01
   2.7866506e-01
   2.5387634e-01
   2.7604292e-01
   3.2769286e-01
   3.5421145e-01
   3.2500134e-01
   2.7019419e-01
   2.4884891e-01
   2.2111234e-01
   1.8568823e-01
   2.0882702e-01
   2.0100453e-01
   1.6045768e-01
   1.7231698e-01
   2.0590014e-01
   1.4451550e-01
   4.7393682e-02
   4.3559032e-02
   1.1621578e-01
   1.7766064e-01
   2.2883931e-01
   2.8549198e-01
   3.5927596e-01
   3.2695880e-01
   2.4623133e-01
   1.9084770e-01
   2.2564450e-01
   2.8054790e-01
   3.1752898e-01
   3.0463703e-01
   3.0278498e-01
   3.2446699e-01
   3.1947541e-01
   2.8180936e-01
   2.6155222e-01
   3.2706423e-01
   3.5402465e-01
   3.3630684e-01
   2.5801215e-01
   5.2649613e-02
  -1.2138490e-01
  -1.2099147e-01
  -2.9769682e-02
   1.6182262e-01
   3.2640094e-01
   3.7508235e-01
   3.0576472e-01
   2.1475054e-01
   2.1475708e-01
   2.6237453e-01
   2.5442204e-01
   2.4941676e-01
   2.5982375e-01
   2.7994020e-01
   2.2472553e-01
   8.4149128e-02
  -5.9762244e-02
  -1.5197439e-01
  -1.7302457e-01
  -1.3170304e-01
  -9.1722451e-02
  -9.6378944e-02
  -9.8405429e-02
  -1.0467245e-01
  -1.2759767e-01
  -9.5886555e-02
  -2.4574418e-02
  -7.6262589e-03
  -6.5666300e-02
  -1.1955729e-01
  -1.4134602e-01
  -1.1501693e-01
  -9.5335795e-02
  -6.3174382e-02
  -5.7947820e-02
  -1.1426445e-01
  -8.6308089e-02
   5.0477395e-02
   8.6397241e-02
   3.7795001e-02
   7.9497279e-03
   7.9316557e-02
   1.4772179e-01
  -2.0023709e-02
  -2.7748049e-01
  -4.2471146e-01
  -5.3885483e-01
  -5.3671966e-01
  -3.9427583e-01
  -2.9688049e-01
  -2.1667961e-01
  -2.0541404e-01
  -2.4477336e-01
  -2.5770664e-01
  -2.0945084e-01
  -1.7961147e-01
  -2.3252660e-01
  -3.2250872e-01
  -3.7035317e-01
  -3.5173030e-01
  -3.0644848e-01
  -2.9602577e-01
  -2.5273698e-01
  -2.2704208e-01
  -3.0368898e-01
  -4.1331121e-01
  -4.5385423e-01
  -4.3317992e-01
  -4.1681900e-01
  -4.4850666e-01
  -4.8959855e-01
  -4.7170365e-01
  -4.6250222e-01
  -4.6359134e-01
  -4.6196853e-01
  -4.3696477e-01
  -4.9142449e-01
  -6.1089072e-01
  -7.4311970e-01
  -8.2943145e-01
  -8.1527683e-01
  -7.4346086e-01
  -7.0196813e-01
  -7.1790762e-01
  -7.0339987e-01
  -6.9423177e-01
  -7.2486191e-01
  -7.5255750e-01
  -7.6210959e-01
  -7.1856112e-01
  -6.9090510e-01
  -7.1489539e-01
  -7.3663881e-01
  -7.0083692e-01
  -6.8908307e-01
  -6.8050036e-01
  -6.7115203e-01
  -6.9649648e-01
  -7.1635164e-01
  -7.2115598e-01
  -7.3932354e-01
  -7.8045476e-01
  -8.4685153e-01
  -8.8410153e-01
  -8.3760034e-01
  -7.7143150e-01
  -7.3607859e-01
  -7.1593737e-01
  -7.5708654e-01
  -7.3748642e-01
  -6.9160311e-01
  -6.8211107e-01
  -6.9771736e-01
  -6.8812497e-01
  -6.6773969e-01
  -6.9405823e-01
  -7.3919203e-01
  -7.6888961e-01
  -8.1623594e-01
  -8.3290054e-01
  -7.9452308e-01
  -7.5943702e-01
  -7.3962008e-01
  -7.2123318e-01
  -7.2019401e-01
  -7.0573524e-01
  -6.5040700e-01
  -5.7834986e-01
  -5.2187268e-01
  -5.1609103e-01
  -5.6365374e-01
  -6.1305620e-01
  -6.1322974e-01
  -6.0215378e-01
  -5.7507221e-01
  -5.1913316e-01
  -4.9419052e-01
  -4.8503536e-01
  -4.6069446e-01
  -3.9104837e-01
  -3.4746441e-01
  -3.4245580e-01
  -3.4397935e-01
  -3.4903207e-01
  -3.1805293e-01
  -2.6229778e-01
  -2.5351953e-01
  -2.9150279e-01
  -3.0528988e-01
  -2.9268184e-01
  -2.8351305e-01
  -3.2037505e-01
  -3.2055084e-01
  -2.5321585e-01
  -2.0796104e-01
  -2.3356740e-01
  -2.4789937e-01
  -2.1305021e-01
  -1.8674861e-01
  -1.8430163e-01
  -2.0118287e-01
  -2.1020789e-01
  -1.7269105e-01
  -1.2507560e-01
  -1.1903905e-01
  -1.2564504e-01
  -1.1008039e-01
  -8.0746674e-02
  -6.2068517e-02
  -7.2775075e-02
  -5.5200800e-02
  -2.9157566e-02
   5.7200269e-03
   3.3478594e-02
   4.9709502e-02
   4.7402072e-02
   4.8533805e-02
  -3.1922110e-02
  -1.6597823e-01
  -2.4713886e-01
  -2.4483955e-01
  -2.1688318e-01
  -1.4676302e-01
  -2.2503776e-02
   9.6224720e-02
   1.8615335e-01
   2.4283979e-01
   2.7201989e-01
   2.8756806e-01
   2.8151181e-01
   2.5072329e-01
   2.2316074e-01
   2.1017373e-01
   2.0394713e-01
   1.4076444e-01
   3.2688723e-02
  -7.8802148e-02
  -1.6141050e-01
  -1.8523843e-01
  -1.9715769e-01
  -2.0733521e-01
  -1.6308702e-01
  -5.4568340e-02
   4.8934153e-02
   1.1166082e-01
   1.1451198e-01
   8.1463818e-02
   5.1099443e-02
   2.2105167e-02
  -2.7776770e-02
  -4.3603574e-02
  -2.5903665e-02
  -2.4722518e-02
  -1.7870159e-02
   8.7380507e-03
   5.3933196e-02
   9.8123589e-02
   1.3460050e-01
   1.6254626e-01
   2.0627520e-01
   2.6320068e-01
   3.0467620e-01
   2.0578054e-01
  -2.5980861e-02
  -2.2499285e-01
  -4.2264847e-01
  -5.1981995e-01
  -5.0336653e-01
  -4.1613552e-01
  -3.3125438e-01
  -2.9339124e-01
  -3.6098753e-01
  -4.1642464e-01
  -4.0280991e-01
  -3.8711038e-01
  -3.2533691e-01
  -2.9513482e-01
  -3.4668233e-01
  -4.1669156e-01
  -4.6690608e-01
  -4.9206073e-01
  -4.4329709e-01
  -3.6855416e-01
  -3.4408109e-01
  -3.8818424e-01
  -4.8227101e-01
  -5.3663821e-01
  -5.6113735e-01
  -5.9816855e-01
  -6.1892461e-01
  -6.4333849e-01
  -6.5355583e-01
  -6.3306799e-01
  -6.0249975e-01
  -5.8082079e-01
  -5.8033494e-01
  -5.6343394e-01
  -5.2952162e-01
  -5.5525175e-01
  -6.2607845e-01
  -6.6798590e-01
  -6.7190204e-01
  -6.8671348e-01
  -7.0314323e-01
  -7.4031489e-01
  -8.2180953e-01
  -9.0406221e-01
  -9.2508816e-01
  -8.4696815e-01
  -7.5326362e-01
  -6.7206759e-01
  -5.6871806e-01
  -4.8735163e-01
  -4.8007090e-01
  -4.7996550e-01
  -4.6020501e-01
  -4.7007638e-01
  -5.0666383e-01
  -5.2810833e-01
  -4.9292866e-01
  -4.7970383e-01
  -4.8019390e-01
  -4.5698679e-01
  -4.4878148e-01
  -4.9174287e-01
  -5.9088785e-01
  -7.2014775e-01
  -8.4911591e-01
  -9.1239639e-01
  -8.8845384e-01
  -8.1915117e-01
  -7.1437538e-01
  -6.0559314e-01
  -5.5111283e-01
  -5.6252920e-01
  -5.8590150e-01
  -6.1868520e-01
  -6.4007242e-01
  -6.7281920e-01
  -7.1405591e-01
  -7.2717062e-01
  -7.6124139e-01
  -7.6978980e-01
  -7.2629742e-01
  -6.2981015e-01
  -5.0963315e-01
  -3.7104134e-01
  -2.6909452e-01
  -2.0346917e-01
  -1.5240489e-01
  -8.9455881e-02
   1.2191968e-02
  -3.3508151e-02
  -2.3664818e-01
  -4.6871248e-01
  -6.9977795e-01
  -8.3660879e-01
  -7.9690988e-01
  -6.8598390e-01
  -5.5837523e-01
  -4.2254174e-01
  -3.4656719e-01
  -2.7584594e-01
  -2.4703692e-01
  -2.0514240e-01
  -1.5955949e-01
  -1.6044668e-01
  -1.7652524e-01
  -2.2509779e-01
  -2.7140053e-01
  -3.1912674e-01
  -2.9794640e-01
  -2.1145856e-01
  -1.3636266e-01
  -8.7509397e-02
  -7.5596835e-02
  -1.0707113e-01
  -1.4634312e-01
  -2.0308156e-01
  -2.8142948e-01
  -3.3319579e-01
  -3.4606802e-01
  -3.0234237e-01
  -1.8864296e-01
  -8.3474758e-02
   3.3443019e-02
   1.7387792e-01
   2.5843812e-01
   2.8162776e-01
   2.9103429e-01
   3.2584558e-01
   3.9434731e-01
   4.3441037e-01
   4.4555298e-01
   4.5895670e-01
   4.9763013e-01
   5.6656324e-01
   5.3065041e-01
   3.9323714e-01
   2.3999626e-01
   1.1501339e-01
   4.8244334e-02
   7.1794965e-02
   1.7227871e-01
   2.8650694e-01
   3.4491814e-01
   3.3572429e-01
   3.1107241e-01
   2.9019146e-01
   2.6324365e-01
   2.7994927e-01
   2.7945528e-01
   2.7152194e-01
   2.1622170e-01
   1.7142997e-01
   1.5846482e-01
   1.4584219e-01
   1.2807381e-01
   7.7578870e-02
  -1.1589756e-02
  -7.2232460e-02
  -2.7865635e-02
   7.9752967e-02
   1.5026031e-01
   2.5502721e-01
   3.2358649e-01
   3.7244916e-01
   4.4020580e-01
   5.1508199e-01
   6.2941742e-01
   7.2379043e-01
   7.5643863e-01
   7.5794661e-01
   7.2434743e-01
   6.0855005e-01
   3.9171018e-01
   1.6712232e-01
  -5.0132762e-02
  -1.6436987e-01
  -1.2668218e-01
   8.4231754e-03
   1.9634710e-01
   3.2788378e-01
   4.2497152e-01
   5.1502943e-01
   5.5457567e-01
   5.8259770e-01
   5.8175439e-01
   5.4731237e-01
   4.7389083e-01
   3.5391003e-01
   2.5410397e-01
   1.9050273e-01
   1.8652726e-01
   1.6637431e-01
   1.2041163e-01
   2.3918131e-02
  -8.3954067e-02
  -1.4786667e-01
  -1.4904799e-01
  -4.5872243e-02
   6.9759757e-02
   1.3688220e-01
   2.0899131e-01
   2.7591658e-01
   3.9185417e-01
   5.7068464e-01
   7.3950739e-01
   8.4253553e-01
   8.6669176e-01
   8.4676396e-01
   8.0746819e-01
   7.7412188e-01
   5.4542772e-01
   1.7104699e-01
  -1.6251114e-01
  -3.8782195e-01
  -3.7599448e-01
  -1.7260159e-01
   6.2603236e-02
   2.2852740e-01
   3.0086681e-01
   3.2755263e-01
   3.2818985e-01
   3.2780849e-01
   3.2263576e-01
   2.3683063e-01
   8.2598564e-02
  -6.7481441e-02
  -1.2194325e-01
  -6.9170715e-02
   1.1848358e-02
  -3.5790803e-02
  -1.4151889e-01
  -2.5763895e-01
  -3.6026376e-01
  -3.5328626e-01
  -2.8728469e-01
  -1.5136105e-01
  -6.1683251e-02
   5.7916323e-03
   9.4430237e-02
   1.8858321e-01
   3.3521735e-01
   4.9105914e-01
   6.4765791e-01
   7.7906737e-01
   8.2166063e-01
   7.8952803e-01
   8.2823156e-01
   7.0445100e-01
   2.6215167e-01
  -1.5056705e-01
  -3.9682862e-01
  -3.6489496e-01
  -1.1233182e-01
   1.2055922e-01
   2.7263676e-01
   3.4209738e-01
   4.0223452e-01
   5.3930854e-01
   5.9034006e-01
   5.2462838e-01
   3.7541680e-01
   2.0535019e-01
   1.5278759e-01
   1.8228770e-01
   2.3500999e-01
   2.8272198e-01
   2.5001552e-01
   2.0063542e-01
   1.2706259e-01
  -9.4985868e-02
  -3.0948553e-01
  -4.5788334e-01
  -5.1277511e-01
  -3.9165584e-01
  -2.0136861e-01
  -3.5658541e-02
   5.7313717e-02
   6.9705278e-02
   1.3006464e-01
   3.1098850e-01
   5.2023479e-01
   6.7436094e-01
   6.8141914e-01
   6.6276421e-01
   7.1198233e-01
   8.4565255e-01
   9.1566735e-01
   4.4293677e-01
  -2.2406716e-01
  -5.6409465e-01
  -4.9672642e-01
  -9.7853681e-02
   1.9789015e-01
   3.2627196e-01
   4.1244777e-01
   5.0004727e-01
   7.2700792e-01
   8.0342585e-01
   6.6305435e-01
   4.0503003e-01
   2.0031478e-01
   2.6464022e-01
   4.5800791e-01
   5.8166415e-01
   6.0820485e-01
   5.9251957e-01
   6.5309002e-01
   7.1784885e-01
   6.7120152e-01
   4.1119727e-01
   7.8674188e-02
  -1.0476536e-02
   1.4230484e-01
   3.9786800e-01
   5.4037773e-01
   5.7897381e-01
   6.8651239e-01
   8.7356930e-01
   1.0722819e+00
   1.2156862e+00
   1.2435809e+00
   1.2762923e+00
   1.3975953e+00
   1.5909463e+00
   1.7364740e+00
   1.8419552e+00
   1.7424207e+00
   1.0114581e+00
   3.9585950e-01
   3.0072475e-01
   4.6022528e-01
   7.7687953e-01
   8.3488749e-01
   9.3489148e-01
   1.2083420e+00
   1.4318428e+00
   1.5456817e+00
   1.2815406e+00
   8.8648408e-01
   6.7207412e-01
   6.5499333e-01
   7.2388087e-01
   7.0421545e-01
   6.6259444e-01
   7.2967868e-01
   8.5809489e-01
   9.3610742e-01
   7.8331868e-01
   5.1152275e-01
   3.3068238e-01
   1.4626301e-01
   1.0492735e-02
   1.1505365e-01
   3.3530943e-01
   5.7901748e-01
   7.1905679e-01
   7.6029090e-01
   7.6816263e-01
   7.3683920e-01
   7.9349521e-01
   8.5555775e-01
   8.6425171e-01
   8.8384062e-01
   9.7365006e-01
   1.2541324e+00
   1.4687499e+00
   1.6899793e+00
   1.3663235e+00
   2.5786520e-01
  -2.7319996e-01
  -1.3823185e-01
   1.7654569e-01
   3.2719300e-01
   1.6312722e-01
   4.3891274e-01
   9.4143667e-01
   1.1970604e+00
   9.6240409e-01
   2.5933892e-01
  -1.1335903e-01
  -5.6083761e-02
   3.8792478e-02
  -1.5468369e-02
  -1.9516823e-01
  -6.8541397e-02
   2.2691048e-01
   3.4900646e-01
   1.8683287e-01
  -2.0937254e-01
  -4.0877868e-01
  -5.2351348e-01
  -8.1873795e-01
  -9.5529349e-01
  -8.0617857e-01
  -4.5255428e-01
  -2.5635885e-01
  -3.6556984e-01
  -4.7864245e-01
  -4.9464130e-01
  -4.6114735e-01
  -4.5757995e-01
  -6.0832332e-01
  -6.2469479e-01
  -4.3178858e-01
  -1.1934383e-01
   1.3846433e-01
   1.8570571e-01
   3.1412878e-01
   2.3640549e-01
  -6.9282044e-01
  -1.3246108e+00
  -1.2717388e+00
  -1.0741198e+00
  -9.0752920e-01
  -9.0070199e-01
  -5.3502479e-01
  -1.9256025e-02
   6.0987107e-02
  -3.1388837e-01
  -9.1736326e-01
  -1.1117313e+00
  -9.9537463e-01
  -1.0125728e+00
  -1.0763475e+00
  -1.0257421e+00
  -6.7378533e-01
  -3.4665388e-01
  -3.8719061e-01
  -5.7957788e-01
  -7.9022251e-01
  -8.0978495e-01
  -9.4071411e-01
  -1.3887723e+00
  -1.4411061e+00
  -1.0613099e+00
  -6.9162996e-01
  -6.2348518e-01
  -8.2102096e-01
  -7.8120764e-01
  -6.2618630e-01
  -6.5024750e-01
  -8.1751543e-01
  -8.2643737e-01
  -5.1266141e-01
  -2.2458703e-01
  -1.8466830e-02
   1.2276551e-01
   3.6332996e-01
   5.8111576e-01
  -3.8842729e-01
  -1.4258973e+00
  -1.4363242e+00
  -1.1646070e+00
  -9.3629680e-01
  -1.0263742e+00
  -7.6575464e-01
   5.0804498e-04
   1.6391859e-01
  -1.8444991e-01
  -8.4625158e-01
  -1.1008088e+00
  -9.2134591e-01
  -9.7507921e-01
  -1.0710118e+00
  -9.8673285e-01
  -5.0647247e-01
  -1.2570012e-01
  -2.5255280e-01
  -4.8823272e-01
  -6.4194637e-01
  -6.2681527e-01
  -7.5900645e-01
  -1.0600717e+00
  -1.1675582e+00
  -1.0590363e+00
  -7.7159410e-01
  -6.3804838e-01
  -7.2930744e-01
  -7.0747606e-01
  -6.3125866e-01
  -6.4550530e-01
  -7.9114849e-01
  -8.8526822e-01
  -6.8070672e-01
  -3.9413930e-01
  -1.3779872e-01
   1.2071474e-01
   4.3942409e-01
   7.8419875e-01
   1.0135825e+00
   2.1288034e-01
  -9.7117927e-01
  -8.9654561e-01
  -4.1131178e-01
  -3.6934184e-01
  -5.2277817e-01
  -2.1496678e-01
   6.6924458e-01
   8.4443810e-01
   2.6079346e-01
  -4.0038867e-01
  -5.1257328e-01
  -2.6662720e-01
  -4.9133451e-01
  -6.9481594e-01
  -3.7494721e-01
   2.0940835e-01
   4.6819265e-01
   1.1288527e-01
  -1.2033702e-01
  -1.1261465e-01
  -1.9727377e-01
  -5.4324262e-01
  -8.0424771e-01
  -6.7810713e-01
  -6.6372398e-01
  -5.5778729e-01
  -4.4239397e-01
  -4.4696560e-01
  -3.2059637e-01
  -3.3694797e-01
  -3.7619649e-01
  -4.3628861e-01
  -3.9602994e-01
  -1.0246361e-01
   8.6222180e-02
   2.9520522e-01
   5.1853036e-01
   8.2704059e-01
   1.0537030e+00
   1.0962571e+00
   2.1695291e-01
  -1.0106626e+00
  -8.8738144e-01
  -4.5961617e-01
  -4.8731353e-01
  -5.0669944e-01
  -1.0278178e-01
   7.2118080e-01
   6.5058129e-01
  -8.1685441e-03
  -4.6601680e-01
  -5.2935135e-01
  -4.1651852e-01
  -6.7231011e-01
  -6.9805632e-01
  -1.6381803e-01
   3.6860317e-01
   4.2262589e-01
  -3.5263730e-03
  -1.4475170e-01
  -1.2141090e-01
  -3.1003730e-01
  -6.7000557e-01
  -7.9226350e-01
  -4.7049921e-01
  -4.5454282e-01
  -5.4373529e-01
  -5.1430146e-01
  -4.5858226e-01
  -4.0383721e-01
  -5.5011965e-01
  -5.6850596e-01
  -4.4750451e-01
  -3.5441048e-01
  -2.3450603e-01
  -1.8194779e-01
   1.3684480e-01
   4.1838982e-01
   5.3340783e-01
   7.6648786e-01
   8.9330468e-01
   1.0490066e+00
   1.8798716e-01
  -1.0394752e+00
  -7.9502876e-01
  -4.4909999e-01
  -5.9929509e-01
  -6.8663289e-01
  -2.3109637e-01
   5.6585429e-01
   3.1128738e-01
  -4.5907784e-01
  -8.5191013e-01
  -7.1640703e-01
  -6.6789117e-01
  -1.0808136e+00
  -9.1614658e-01
  -3.0034232e-01
   3.8198699e-02
  -2.2338115e-01
  -6.2936731e-01
  -5.2473520e-01
  -5.9616123e-01
  -1.0452688e+00
  -1.3895174e+00
  -1.2880011e+00
  -7.8881368e-01
  -9.3133696e-01
  -1.3507632e+00
  -1.1791195e+00
  -9.7634294e-01
  -1.0655135e+00
  -1.3391296e+00
  -1.2579037e+00
  -8.6742908e-01
  -8.0518744e-01
  -8.9141998e-01
  -7.7087253e-01
  -3.3271564e-01
  -6.6020932e-02
  -1.0787712e-01
   7.7758398e-02
   3.4193925e-01
   5.1899027e-01
  -3.2421670e-01
  -1.7321281e+00
  -1.6137265e+00
  -1.1574626e+00
  -1.3592266e+00
  -1.3893680e+00
  -8.6194979e-01
  -5.6823885e-02
  -2.7404404e-01
  -1.0595472e+00
  -1.3580252e+00
  -1.1979277e+00
  -1.2395352e+00
  -1.6043175e+00
  -1.3247587e+00
  -6.2244718e-01
  -3.3968216e-01
  -6.4914202e-01
  -9.6188536e-01
  -7.3899611e-01
  -7.9144033e-01
  -1.3242849e+00
  -1.6326344e+00
  -1.4235930e+00
  -9.6002992e-01
  -9.3407781e-01
  -1.1051034e+00
  -1.3601294e+00
  -1.6739581e+00
  -1.6270493e+00
  -1.5913759e+00
  -1.5987820e+00
  -1.3546535e+00
  -1.0332177e+00
  -9.2283176e-01
  -1.1052675e+00
  -1.1074654e+00
  -8.4477649e-01
  -6.3916167e-01
  -5.6572341e-01
  -3.7349335e-01
   6.4258881e-02
   3.7214158e-01
   1.7670439e-01
  -1.2200926e+00
  -1.9236287e+00
  -1.3053933e+00
  -1.2749641e+00
  -1.5458191e+00
  -1.2626865e+00
  -3.5005752e-01
   1.6271034e-01
  -5.8933421e-01
  -1.1233119e+00
  -1.0206408e+00
  -9.7421473e-01
  -1.2111434e+00
  -1.1933290e+00
  -5.4503632e-01
   3.0109115e-02
   8.0737991e-02
  -1.5225019e-01
  -1.9398047e-01
  -2.1106435e-01
  -6.0087366e-01
  -9.3045062e-01
  -9.3137369e-01
  -5.7265967e-01
  -2.8800107e-01
  -3.2416442e-01
  -3.1152830e-01
  -7.8075853e-01
  -1.0244249e+00
  -8.4815465e-01
  -8.3214503e-01
  -6.7095629e-01
  -4.0490026e-01
  -8.1929237e-02
  -4.9565123e-02
  -3.4043684e-01
  -2.0660011e-01
   1.5435121e-01
   4.0606205e-01
   4.8286524e-01
   6.9478927e-01
   1.0940049e+00
   1.3554997e+00
   1.1172013e+00
  -4.2421248e-01
  -1.1191642e+00
  -3.9336348e-01
  -2.5696465e-01
  -3.2194110e-01
   9.7502215e-02
   9.9023396e-01
   1.3644249e+00
   4.9200024e-01
  -8.8219125e-02
  -1.0152487e-01
  -6.5624222e-02
  -1.7743626e-01
  -2.9126565e-02
   6.7695437e-01
   1.2233741e+00
   1.1899836e+00
   8.2885173e-01
   6.0617959e-01
   4.2262712e-01
  -1.0252405e-02
  -2.5581669e-01
  -1.2919758e-01
   2.7378771e-01
   5.9746831e-01
   6.2501352e-01
   5.9077655e-01
   2.3565191e-01
  -7.7146314e-02
  -1.3630718e-01
  -8.4600248e-02
   2.1395749e-01
   5.6829017e-01
   8.8148423e-01
   9.1664224e-01
   6.9709361e-01
   7.8702337e-01
   1.0037132e+00
   1.1608324e+00
   1.3199140e+00
   1.4440142e+00
   1.5619852e+00
   1.6665356e+00
   1.9403355e+00
   1.6068296e+00
   4.4729023e-03
  -3.5612295e-01
   4.5400675e-01
   5.2400112e-01
   3.6343926e-01
   6.9787031e-01
   1.3925477e+00
   1.3812785e+00
   4.5261396e-01
   1.1269902e-02
   2.7356449e-01
   5.1178316e-01
   4.0797264e-01
   5.2529628e-01
   1.0633684e+00
   1.3567315e+00
   9.4727700e-01
   3.3405144e-01
   1.7812197e-01
   1.4959816e-01
  -1.0606136e-01
  -2.8109972e-01
  -7.9803076e-02
   3.2494546e-01
   4.4858041e-01
   2.8904227e-01
   2.1082969e-01
   2.1110987e-01
  -2.1381388e-01
  -9.9153056e-01
  -5.7311140e-01
   2.8758717e-01
   3.9420750e-01
   2.6983143e-01
   2.8132344e-01
   4.5067832e-01
   2.2460202e-01
  -2.8990901e-01
  -9.2767008e-02
   4.0778540e-01
   5.2613350e-01
   4.4833690e-01
   7.1453608e-01
   1.2557642e+00
   1.5639046e+00
   2.4688484e-01
  -1.2804885e+00
  -5.6651368e-01
   1.1371574e-01
  -2.0165913e-01
  -1.4766162e-01
   5.9607196e-01
   1.4509818e+00
   9.3651976e-01
  -2.4414537e-01
  -3.1789638e-01
   1.1522763e-02
  -7.1296805e-02
  -3.6124571e-01
  -3.3723883e-02
   7.4467150e-01
   8.5522967e-01
   2.0766270e-01
  -1.6660840e-01
  -1.2025553e-02
  -7.8657311e-02
  -4.6395497e-01
  -5.7463137e-01
  -1.1803703e-01
   3.6098733e-01
   3.8322870e-01
   3.1691423e-01
   3.1883560e-01
   2.6891733e-01
  -2.2515170e-01
  -6.8559220e-01
  -3.2612904e-01
   1.1829690e-01
   2.1641663e-01
   9.7089480e-02
   1.7788837e-02
   1.4173884e-01
  -2.2745358e-02
  -2.9760821e-01
  -8.0498743e-02
   2.1123569e-01
   2.9381558e-01
   3.6539325e-01
   6.4058794e-01
   1.1270593e+00
   1.3739816e+00
   1.4965529e+00
   6.5130246e-01
  -7.4486865e-01
  -3.2903209e-01
   4.2204561e-01
   1.5872546e-01
   2.2328665e-01
   8.6729564e-01
   1.5278348e+00
   1.1215566e+00
   1.1153988e-01
   6.7114445e-02
   4.1855695e-01
   4.2946748e-01
   4.0263084e-01
   7.8215719e-01
   1.2906551e+00
   1.1941596e+00
   6.6352961e-01
   5.6114929e-01
   7.9259926e-01
   7.5511075e-01
   6.1030090e-01
   6.4615054e-01
   9.2988795e-01
   1.1951888e+00
   1.1389206e+00
   9.9808717e-01
   9.2913325e-01
   7.6343728e-01
   2.9353269e-01
   1.0291968e-01
   5.9235919e-01
   9.5162233e-01
   9.2717929e-01
   8.0730012e-01
   7.7452672e-01
   8.1210654e-01
   6.5931319e-01
   6.2307964e-01
   9.3250894e-01
   1.1853050e+00
   1.2601365e+00
   1.3826758e+00
   1.5705541e+00
   1.7560063e+00
   1.9751000e+00
   1.7560134e+00
   2.6821642e-01
  -2.2287659e-01
   7.3804010e-01
   9.8537470e-01
   7.8490685e-01
   9.4252504e-01
   1.5449284e+00
   1.7261065e+00
   6.3847155e-01
  -1.0683102e-01
   2.1651686e-01
   5.3646934e-01
   4.8192988e-01
   4.5261155e-01
   9.8855580e-01
   1.5093626e+00
   1.1084305e+00
   4.7111072e-01
   4.3849495e-01
   5.7031459e-01
   4.1957529e-01
   1.5493899e-01
   2.3828148e-01
   7.2834239e-01
   9.5991132e-01
   7.5399250e-01
   5.1816781e-01
   3.9031842e-01
   2.7156080e-01
  -1.8239300e-01
  -4.8933683e-01
  -1.3238760e-02
   4.5679734e-01
   4.4775793e-01
   2.9814243e-01
   3.4376236e-01
   5.7756562e-01
   5.0955031e-01
   2.7133855e-01
   3.9655078e-01
   6.6009948e-01
   7.2055028e-01
   7.7345075e-01
   1.0017678e+00
   1.4181071e+00
   1.6117236e+00
   1.7543754e+00
   1.1786144e+00
  -3.6906416e-01
  -3.9558303e-01
   4.6117617e-01
   3.8303103e-01
   3.6470258e-01
   7.4338288e-01
   1.1801000e+00
   1.0118016e+00
   2.9331565e-02
  -3.3326415e-01
   3.6230549e-02
   2.0651664e-01
   2.2890025e-01
   3.0283209e-01
   5.7917389e-01
   6.8796253e-01
   2.2465159e-01
  -1.8462316e-01
  -1.8350720e-01
  -1.6430786e-01
  -2.1364108e-01
  -2.9905198e-01
  -2.3767514e-01
   3.8828744e-02
   1.3803197e-01
  -5.5433200e-02
  -2.8399078e-01
  -3.4387545e-01
  -3.2872480e-01
  -6.7850929e-01
  -8.3316840e-01
  -3.2895915e-01
  -2.2283330e-02
  -1.3347919e-01
  -3.1950884e-01
  -2.7795204e-01
  -7.2853818e-02
  -2.3367713e-01
  -4.4215699e-01
  -2.4158109e-01
   5.5776868e-02
   2.2456596e-01
   2.0060118e-01
   3.2530406e-01
   6.9529743e-01
   7.9881979e-01
   9.3131517e-01
   3.8504802e-01
  -1.1099082e+00
  -9.4737971e-01
  -1.3717349e-02
  -1.5359408e-01
  -2.1733951e-01
   1.1614279e-01
   5.2518422e-01
   4.5758349e-01
  -4.7590859e-01
  -8.9028384e-01
  -5.9136472e-01
  -4.1601365e-01
  -2.9286840e-01
  -2.3753487e-01
  -4.6596817e-02
   1.2847466e-01
  -1.6752836e-01
  -5.2911629e-01
  -5.4259060e-01
  -4.6710544e-01
  -3.8076449e-01
  -4.1933639e-01
  -4.0167040e-01
  -8.9572367e-02
   5.5049523e-02
  -1.7835683e-01
  -4.5259512e-01
  -5.7656220e-01
  -6.7304024e-01
  -8.1956217e-01
  -8.0550241e-01
  -6.0639248e-01
  -4.4272382e-01
  -4.4034123e-01
  -6.5207341e-01
  -7.5895131e-01
  -6.7248564e-01
  -6.5064148e-01
  -6.4520929e-01
  -5.1247223e-01
  -3.3561882e-01
  -1.9834995e-01
  -1.2945889e-01
  -1.2592594e-01
  -6.4298580e-02
   5.2658390e-02
   4.1153735e-01
   3.3789154e-01
  -1.1229523e+00
  -1.4927624e+00
  -5.2532221e-01
  -4.0175992e-01
  -5.8865740e-01
  -5.3528833e-01
  -2.4638888e-01
   1.2512019e-01
  -4.6767004e-01
  -1.1452529e+00
  -9.3202937e-01
  -5.2252503e-01
  -1.9013503e-01
  -1.9945102e-01
  -3.1220008e-01
  -9.1761779e-03
   2.6225807e-02
  -3.5433258e-01
  -5.0813555e-01
  -4.3340526e-01
  -1.7121871e-01
  -8.3208005e-02
  -2.8870875e-01
  -1.1536984e-01
   2.0495718e-01
   1.4424071e-01
  -1.9932566e-01
  -4.1011837e-01
  -3.3598317e-01
  -5.1547259e-01
  -7.1798359e-01
  -4.0634537e-01
  -7.9826371e-02
  -4.0196892e-03
  -1.0435882e-01
  -2.4306412e-01
  -8.0767412e-02
   2.3516406e-02
   9.7812612e-03
   1.6993900e-01
   3.5696004e-01
   4.9867130e-01
   5.3037144e-01
   4.7067891e-01
   6.0290418e-01
   8.1195670e-01
   1.0480374e+00
   1.1835799e+00
   2.8147784e-02
  -9.7382128e-01
  -3.2502827e-01
   7.0470973e-02
  -1.1103320e-01
  -2.6192184e-02
   2.0819523e-01
   7.4204865e-01
   5.8824277e-01
  -2.4985502e-01
  -4.1471453e-01
  -1.4758484e-01
   2.0596956e-01
   4.2043623e-01
   2.7781241e-01
   3.9268634e-01
   5.8592509e-01
   3.5658119e-01
   9.0655262e-02
  -3.7880171e-02
   8.7215482e-03
   1.3564425e-01
   3.8234020e-02
   4.4071735e-02
   2.6477024e-01
   3.3530990e-01
   1.7106254e-01
  -5.1967034e-02
  -1.8601006e-01
  -4.8195330e-01
  -5.3387632e-01
  -1.2619846e-01
   8.3755759e-02
   6.9909785e-02
   3.1489334e-02
  -9.5292053e-02
  -4.5569005e-02
  -7.5134600e-02
  -1.9773693e-01
  -3.0584226e-02
   1.6481640e-01
   2.5976836e-01
   2.9181303e-01
   3.2258912e-01
   5.1324169e-01
   7.5731698e-01
   7.0953899e-01
  -5.4284879e-01
  -1.5355164e+00
  -8.0740029e-01
  -2.1576129e-01
  -4.6445827e-01
  -6.1495495e-01
  -3.6836354e-01
   1.1463923e-01
  -2.6324442e-01
  -1.2598393e+00
  -1.4577199e+00
  -1.0799720e+00
  -7.1967634e-01
  -6.9561827e-01
  -8.2692911e-01
  -5.9338823e-01
  -4.1346363e-01
  -7.1785534e-01
  -1.0217341e+00
  -1.0672256e+00
  -9.4814280e-01
  -8.0856397e-01
  -9.5780671e-01
  -1.0025163e+00
  -7.3118451e-01
  -6.2098896e-01
  -8.5529755e-01
  -1.2591234e+00
  -1.3908611e+00
  -1.2867946e+00
  -1.4931609e+00
  -1.6516584e+00
  -1.4367751e+00
  -1.2332632e+00
  -1.2181878e+00
  -1.3651719e+00
  -1.4361774e+00
  -1.2864890e+00
  -1.1953907e+00
  -1.1945085e+00
  -1.1507528e+00
  -1.0164117e+00
  -7.9451820e-01
  -7.2954511e-01
  -8.3239499e-01
  -7.6508340e-01
  -5.5849834e-01
  -2.8328701e-01
   4.0425729e-02
  -8.2471093e-01
  -2.1593216e+00
  -1.9293071e+00
  -1.1865351e+00
  -9.6319214e-01
  -9.9353826e-01
  -1.0174701e+00
  -5.5130735e-01
  -4.1753914e-01
  -1.2694203e+00
  -1.8290380e+00
  -1.6645994e+00
  -1.0712785e+00
  -6.6191381e-01
  -8.7667450e-01
  -8.8520259e-01
  -5.9082452e-01
  -5.9622822e-01
  -8.8067242e-01
  -1.1482556e+00
  -1.1434555e+00
  -8.3261178e-01
  -7.4676301e-01
  -8.8053552e-01
  -8.1830845e-01
  -6.3862705e-01
  -5.6157524e-01
  -7.1339843e-01
  -9.6180065e-01
  -9.1422100e-01
  -9.7855507e-01
  -1.4033153e+00
  -1.3591841e+00
  -9.4531091e-01
  -7.5071760e-01
  -7.8351005e-01
  -9.9335947e-01
  -9.2595977e-01
  -6.6691652e-01
  -6.6423296e-01
  -7.1446006e-01
  -5.6635033e-01
  -2.8864297e-01
  -4.6064646e-02
   3.4406531e-02
   1.6404725e-01
   4.1179355e-01
   7.2542950e-01
   1.6514062e-02
  -1.4524479e+00
  -1.4104407e+00
  -5.4122649e-01
  -2.4384896e-01
  -2.3697626e-01
  -3.0603046e-01
   7.1514722e-02
   3.9927898e-01
  -3.0116839e-01
  -1.0308736e+00
  -1.0128958e+00
  -4.2178901e-01
   2.6083869e-01
   2.8022560e-01
   3.0658863e-02
   1.2760122e-01
   1.6566143e-01
  -4.6530632e-02
  -3.3355831e-01
  -5.1013847e-01
  -2.5211278e-01
   8.9924724e-02
   7.0133657e-02
   3.4848912e-02
   5.1782129e-02
   8.7566139e-02
   4.5059398e-02
  -2.4380207e-01
  -3.4948091e-01
  -1.7259518e-01
  -2.4491781e-01
  -4.0859634e-01
  -3.0103334e-01
  -1.5478748e-01
  -1.1148591e-01
  -1.2118438e-01
  -1.7453783e-01
  -1.4402685e-01
  -7.0067165e-02
  -1.3060883e-01
  -1.1238273e-01
  -3.0982405e-02
   1.3115029e-01
   3.7576058e-01
   4.6400394e-01
   4.3159213e-01
   4.9109239e-01
   6.0227138e-01
   7.4432616e-01
   9.1239388e-01
   1.0129419e-01
  -1.0996098e+00
  -8.5749638e-01
  -7.0839307e-02
   1.8359556e-01
   1.8972001e-01
   1.1753554e-01
   3.7228533e-01
   5.0586867e-01
  -9.0647360e-02
  -5.3123965e-01
  -3.8919055e-01
   6.6764874e-02
   4.8084824e-01
   3.8707395e-01
   1.6120771e-01
   2.3014825e-01
   2.3274352e-01
   4.0898106e-02
  -2.1199751e-01
  -3.4849969e-01
  -1.2138357e-01
   5.7626230e-02
  -5.3149761e-02
  -6.1898062e-02
   4.2114001e-02
   1.1064326e-01
  -2.7499983e-02
  -3.8686367e-01
  -5.0825887e-01
  -5.6372876e-01
  -7.8584766e-01
  -6.5310211e-01
  -3.7194134e-01
  -2.7024053e-01
  -2.9411098e-01
  -3.7115455e-01
  -2.9547784e-01
  -1.9572886e-01
  -2.7770921e-01
  -2.6557816e-01
  -9.1863261e-02
   1.9264723e-01
   3.7606818e-01
   3.6054562e-01
   2.8686726e-01
   3.0296668e-01
   3.9596131e-01
   7.5911004e-01
   3.8241932e-01
  -9.7721869e-01
  -1.2484498e+00
  -5.5406716e-01
  -1.1681156e-01
  -5.9935768e-02
  -3.5457392e-01
  -2.7322062e-01
   1.7127173e-01
  -1.2148473e-01
  -6.9791010e-01
  -8.9188201e-01
  -5.8573782e-01
   9.8787048e-03
   1.4704846e-01
  -1.3943076e-01
  -1.7614891e-01
  -9.2494631e-02
  -4.3155200e-02
  -1.8607844e-01
  -5.2762197e-01
  -5.8517093e-01
  -3.5321537e-01
  -2.3255637e-01
  -2.2511141e-01
  -2.8008071e-01
  -2.9039421e-01
  -2.7100471e-01
  -3.7850162e-01
  -5.9650670e-01
  -7.2086705e-01
  -6.3269689e-01
  -7.3582015e-01
  -8.8145552e-01
  -6.8700369e-01
  -4.7364546e-01
  -3.5022607e-01
  -3.1126570e-01
  -3.7533110e-01
  -2.6190365e-01
  -1.2504768e-01
  -1.5092473e-01
  -9.0467002e-02
   3.0738259e-02
   2.2980091e-01
   3.6472237e-01
   2.5862659e-01
   1.9622320e-01
   3.0627715e-01
   4.0341143e-01
   5.5850613e-01
   7.4939096e-01
   2.4533330e-01
  -8.1122351e-01
  -1.0624588e+00
  -6.4146398e-01
  -2.2155471e-01
   3.2364535e-02
  -2.1006304e-02
  -8.1029889e-03
   1.9417275e-01
   8.2576889e-02
  -2.7775541e-01
  -5.9812172e-01
  -6.2417013e-01
  -2.1255765e-01
   1.1245149e-01
   1.0895263e-01
   2.4852328e-02
  -1.9864680e-02
   7.2176483e-02
   6.7711252e-02
  -2.5926170e-01
  -5.2294674e-01
  -4.6919435e-01
  -2.0521090e-01
   1.0884116e-01
   1.9522586e-01
   1.5532625e-01
   1.3540745e-01
   7.6699613e-02
  -5.8215855e-02
  -3.9705940e-01
  -5.5596114e-01
  -1.9570596e-01
   2.8028955e-01
   4.1684240e-01
   2.5954476e-01
   1.1649332e-01
   2.2433216e-01
   3.0402241e-01
   1.6265668e-01
  -1.3977197e-02
  -6.8567310e-03
   2.6903569e-01
   5.3413647e-01
   6.3872502e-01
   6.2305177e-01
   6.8614821e-01
   8.5410645e-01
   9.8603298e-01
   1.1038492e+00
   6.7983432e-01
  -2.3928896e-01
  -3.6941346e-01
   1.2341543e-01
   5.2863829e-01
   7.4925624e-01
   6.3113878e-01
   6.4401893e-01
   9.6306468e-01
   9.3515381e-01
   5.9495541e-01
   3.0311331e-01
   2.8789647e-01
   6.5297473e-01
   9.3383922e-01
   9.6695531e-01
   9.3197552e-01
   9.2337219e-01
   1.0203418e+00
   1.0216957e+00
   6.7514246e-01
   3.1814221e-01
   2.3947501e-01
   3.5868207e-01
   5.8338043e-01
   7.2110679e-01
   7.4547329e-01
   8.1747203e-01
   8.0760262e-01
   6.4259888e-01
   4.4099027e-01
   2.7792770e-01
   2.6603596e-01
   2.4499279e-01
   2.5537291e-01
   4.1153270e-01
   5.5505323e-01
   6.7554445e-01
   7.0316264e-01
   5.9387216e-01
   5.8009039e-01
   5.8688200e-01
   5.6095167e-01
   5.8891311e-01
   6.6794924e-01
   8.2253735e-01
   9.2638589e-01
   9.0310619e-01
   8.9772488e-01
   9.8044285e-01
   1.0492842e+00
   1.0295238e+00
   9.3337129e-01
   7.9477743e-01
   5.0136512e-01
   1.9324028e-01
   2.0877356e-01
   4.4422109e-01
   6.4083650e-01
   7.6297462e-01
   7.4501650e-01
   8.0121817e-01
   8.9172893e-01
   8.0337673e-01
   6.4210294e-01
   5.3467426e-01
   5.0362350e-01
   6.1736943e-01
   6.9841552e-01
   6.9590096e-01
   6.5621250e-01
   6.3038946e-01
   5.8714927e-01
   4.8283346e-01
   2.7194104e-01
   1.3276463e-01
   9.7215555e-02
   1.9570473e-01
   3.6739177e-01
   4.2493086e-01
   4.5091555e-01
   4.9461528e-01
   5.5731164e-01
   6.1443003e-01
   6.5220113e-01
   6.3372212e-01
   6.2363400e-01
   5.9334246e-01
   5.9338530e-01
   7.2595477e-01
   8.4160699e-01
   4.7464140e-01
   1.5422371e-04
  -1.9253679e-01
  -2.2285602e-01
  -1.4361427e-01
  -1.5213399e-01
  -2.4873451e-01
  -1.5274859e-01
   6.4568605e-02
   2.9867025e-01
   4.6246741e-01
   4.5548392e-01
   3.1704428e-01
   2.4916743e-01
   2.0921257e-01
   1.1515508e-01
   3.6366241e-03
  -1.2376511e-01
  -1.6470468e-01
  -5.2713287e-02
   3.7155726e-02
   6.2295195e-02
   3.4750020e-02
   2.4114224e-02
   1.1602613e-01
   2.0312410e-01
   2.0755274e-01
   1.5277987e-01
   1.1534643e-01
   1.5755305e-01
   2.3492594e-01
   2.5596049e-01
   2.7120914e-01
   3.0511204e-01
   2.8639329e-01
   2.7631617e-01
   2.8111909e-01
   2.6357879e-01
   2.5339098e-01
   2.5902096e-01
   2.3268073e-01
   1.4867416e-01
   7.5931539e-02
   9.5113634e-02
   2.2890971e-01
   2.8826854e-01
   2.4943735e-01
   1.8856429e-01
   1.5351480e-01
   2.0226208e-01
   2.5859301e-01
   2.2224260e-01
   2.1507467e-01
   2.7725294e-01
   3.2841958e-01
   3.4721217e-01
   2.6069043e-01
   1.6700282e-01
   1.6397841e-01
   2.2183189e-01
   2.8259137e-01
   3.6655357e-01
   3.8954209e-01
   3.5742591e-01
   3.2702801e-01
   2.7875023e-01
   2.5872114e-01
   2.5602410e-01
   2.4813033e-01
   2.1542033e-01
   1.6725741e-01
   1.4555738e-01
   2.0187163e-01
   2.3297087e-01
   2.1627977e-01
   2.0722235e-01
   2.3803033e-01
   2.9536428e-01
   3.0153108e-01
   3.1820701e-01
   3.4929622e-01
   3.1634940e-01
   2.7549885e-01
   2.9252233e-01
   3.6961775e-01
   4.6000372e-01
   5.1512847e-01
   5.6099251e-01
   6.1343549e-01
   6.8242213e-01
   7.0436219e-01
   7.1940302e-01
   7.3240339e-01
   7.8730225e-01
   8.6023267e-01
   9.5068053e-01
   9.9527805e-01
   1.0011635e+00
   9.8623464e-01
   9.1691434e-01
   8.1736802e-01
   7.5500893e-01
   7.0687840e-01
   6.7046712e-01
   5.8043351e-01
   5.1525108e-01
   5.1207201e-01
   4.9031156e-01
   4.3777494e-01
   3.7300346e-01
   2.9066306e-01
   2.7765794e-01
   2.9445080e-01
   2.6895625e-01
   2.4873279e-01
   2.1433247e-01
   2.2176361e-01
   2.3825596e-01
   2.0820734e-01
   1.5556151e-01
   1.2208382e-01
   7.9241421e-02
   2.7320413e-02
  -3.2152696e-02
  -2.8218480e-03
   4.1917266e-02
   9.0857697e-02
   1.1429293e-01
   1.1210989e-01
   1.2288486e-01
   1.2191669e-01
   1.2890338e-01
   1.2686806e-01
   1.3942905e-01
   1.3997185e-01
   1.3631164e-01
   1.3328649e-01
   1.4109782e-01
   1.6401106e-01
   1.4180443e-01
   1.0661654e-01
   8.6716076e-02
   5.2381670e-02
  -4.8812404e-03
  -5.1165667e-02
  -5.8686212e-02
   2.9443377e-03
   4.9633757e-02
   1.3250587e-02
  -8.5149874e-02
  -1.8656124e-01
  -2.4758337e-01
  -3.0121318e-01
  -3.4860455e-01
  -4.3623689e-01
  -4.6279581e-01
  -4.0557973e-01
  -3.7436627e-01
  -3.9454645e-01
  -4.6097232e-01
  -5.0011815e-01
  -4.7781757e-01
  -4.3460828e-01
  -4.1660479e-01
  -3.8858341e-01
  -3.6854333e-01
  -3.4401834e-01
  -3.1532601e-01
  -2.8544407e-01
  -2.6908242e-01
  -2.4127559e-01
  -2.7750447e-01
  -3.7068008e-01
  -4.4097655e-01
  -5.1442779e-01
  -5.2538300e-01
  -4.8742176e-01
  -4.1706034e-01
  -3.5501795e-01
  -3.6797180e-01
  -3.7883807e-01
  -3.7007602e-01
  -3.7159676e-01
  -3.7115093e-01
  -4.0013128e-01
  -4.2111152e-01
  -4.0946069e-01
  -3.9109333e-01
  -4.0954410e-01
  -4.4804999e-01
  -4.7611466e-01
  -5.1487663e-01
  -5.4780343e-01
  -5.8126552e-01
  -6.0360060e-01
  -5.9276878e-01
  -5.3911982e-01
  -4.8371591e-01
  -4.2541141e-01
  -4.0219035e-01
  -3.7597292e-01
  -3.4703359e-01
  -3.2616732e-01
  -3.2658110e-01
  -3.0619782e-01
  -2.3836547e-01
  -1.5894617e-01
  -1.3759803e-01
  -1.3466471e-01
  -1.3380233e-01
  -1.2361062e-01
  -1.2963679e-01
  -1.7108560e-01
  -1.9017184e-01
  -1.4729307e-01
  -8.8035523e-02
  -4.2799179e-02
  -4.4039323e-04
   2.3569125e-02
   5.1935132e-02
   4.1645218e-02
   7.2098970e-03
  -6.1967567e-02
  -8.5179556e-02
  -1.0904186e-01
  -1.2447628e-01
  -1.4406162e-01
  -1.4538115e-01
  -1.3873917e-01
  -1.3960306e-01
  -1.4040059e-01
  -1.3330387e-01
  -1.0738727e-01
  -8.9615375e-02
  -7.2970934e-02
  -5.3622471e-02
  -4.3731644e-02
  -4.9032404e-02
  -3.6471897e-02
  -3.4991830e-02
  -2.7729530e-02
  -5.5772614e-02
  -9.4764759e-02
  -9.7877708e-02
  -9.2521303e-02
  -8.3477000e-02
  -3.0552459e-02
   4.8808780e-02
   7.9316883e-02
   9.7692835e-02
   7.5996578e-02
   4.7628730e-02
   3.1286183e-02
  -1.6080196e-02
   2.5423159e-03
   4.1744891e-02
   4.5543826e-02
   2.5031644e-02
   2.3223479e-02
   2.5328183e-02
   8.5211390e-03
  -6.7201185e-03
  -6.9661648e-02
  -9.5364503e-02
  -1.0517954e-01
  -1.2684990e-01
  -1.3990038e-01
